00000.png;0;0;1920;508;1;0.8427
00000.png;565;0;653;21;1;0.8389
00000.png;126;589;233;638;1;0.8385
00000.png;1800;0;1920;93;1;0.7699
00000.png;427;602;479;624;1;0.6689
00000.png;544;599;663;687;1;0.6356
00001.png;0;0;1920;508;1;0.8422
00001.png;826;613;885;632;1;0.7764
00001.png;1814;0;1920;65;1;0.6174
00002.png;0;0;1920;492;1;0.8381
00002.png;422;604;463;655;1;0.7808
00002.png;156;576;239;606;1;0.6671
00002.png;1798;0;1920;76;1;0.6549
00002.png;391;664;513;716;1;0.4324
00002.png;0;218;155;289;1;0.4015
00003.png;1294;400;1585;588;1;0.9655
00003.png;1397;426;1480;461;1;0.8389
00003.png;1334;497;1384;524;1;0.8063
00003.png;1317;519;1351;558;1;0.7986
00003.png;1514;489;1563;524;1;0.7970
00003.png;1315;489;1345;525;1;0.7956
00004.png;1312;468;1618;619;1;0.8879
00004.png;1442;418;1614;492;1;0.8879
00004.png;1095;579;1151;621;1;0.8863
00004.png;1346;428;1477;488;1;0.8766
00004.png;1333;827;1420;870;1;0.8429
00004.png;1357;446;1410;471;1;0.8389
00004.png;1379;561;1449;588;1;0.8389
00004.png;1494;436;1521;477;1;0.8389
00004.png;1465;527;1508;553;1;0.8389
00004.png;1546;442;1595;466;1;0.8389
00004.png;1486;562;1539;585;1;0.8389
00004.png;1554;520;1594;561;1;0.8389
00004.png;163;575;270;600;1;0.8308
00004.png;255;557;279;601;1;0.8226
00004.png;1107;802;1920;1080;1;0.8124
00004.png;155;545;310;604;1;0.7377
00004.png;1397;601;1450;625;1;0.6773
00004.png;1040;577;1318;631;1;0.6299
00004.png;422;681;481;704;1;0.5944
00004.png;109;591;499;686;1;0.5818
00004.png;277;626;328;660;1;0.5609
00004.png;1404;490;1506;532;1;0.5311
00004.png;0;684;454;796;1;0.5198
00004.png;0;535;724;748;1;0.5143
00004.png;602;595;771;628;1;0.4811
00005.png;614;620;643;649;1;0.9056
00005.png;1145;459;1262;517;1;0.8995
00005.png;1232;460;1399;521;1;0.8933
00005.png;1108;498;1433;650;1;0.8740
00005.png;262;610;308;637;1;0.8727
00005.png;1154;472;1213;498;1;0.8389
00005.png;1261;469;1309;509;1;0.8389
00005.png;1185;556;1233;583;1;0.8389
00005.png;1343;557;1382;596;1;0.8389
00005.png;921;613;982;654;1;0.7497
00005.png;656;614;710;647;1;0.7239
00005.png;379;609;452;631;1;0.6597
00005.png;1001;624;1138;667;1;0.5739
00005.png;1199;521;1300;562;1;0.4805
00006.png;609;35;972;354;1;0.9568
00006.png;713;81;850;129;1;0.8389
00006.png;638;281;682;317;1;0.8389
00006.png;861;292;906;332;1;0.8389
00006.png;703;204;738;240;1;0.8389
00006.png;978;70;1009;115;1;0.7838
00006.png;902;59;1229;137;1;0.7577
00006.png;1056;309;1094;344;1;0.7431
00006.png;1172;610;1314;648;1;0.7285
00006.png;918;55;1291;370;1;0.7211
00006.png;0;536;183;580;1;0.6652
00006.png;867;602;955;631;1;0.5932
00006.png;952;244;989;279;1;0.5851
00006.png;1013;239;1041;281;1;0.5454
00007.png;1289;365;1603;569;1;0.9323
00007.png;1316;483;1373;523;1;0.8408
00007.png;1405;400;1493;441;1;0.8389
00007.png;1386;466;1472;497;1;0.8389
00007.png;1534;509;1565;543;1;0.8389
00007.png;1352;429;1395;459;1;0.8374
00007.png;79;442;114;469;1;0.7498
00007.png;1517;649;1783;707;1;0.7015
00007.png;1797;663;1829;691;1;0.6799
00008.png;1219;446;1432;612;1;0.9533
00008.png;1226;448;1332;504;1;0.8986
00008.png;1306;451;1429;516;1;0.8902
00008.png;1223;557;1368;592;1;0.8571
00008.png;1239;463;1288;486;1;0.8389
00008.png;1330;464;1370;498;1;0.8389
00008.png;1256;539;1324;563;1;0.8389
00008.png;1234;560;1291;586;1;0.8389
00008.png;1376;541;1411;575;1;0.8389
00008.png;1255;508;1339;543;1;0.5727
00009.png;1241;420;1550;604;1;0.9436
00009.png;1358;447;1432;479;1;0.8389
00009.png;1283;471;1354;501;1;0.8389
00009.png;1322;532;1361;559;1;0.8389
00009.png;1283;526;1333;558;1;0.8389
00009.png;1394;502;1433;533;1;0.8389
00009.png;338;608;377;634;1;0.8170
00009.png;344;527;397;591;1;0.7810
00009.png;312;608;346;635;1;0.7765
00009.png;299;520;477;646;1;0.7149
00009.png;1098;504;1157;527;1;0.7093
00009.png;827;542;877;569;1;0.6101
00009.png;761;518;828;564;1;0.6068
00010.png;1184;461;1446;632;1;0.9697
00010.png;1194;463;1323;524;1;0.9002
00010.png;1293;468;1443;533;1;0.8799
00010.png;1336;478;1366;518;1;0.8389
00010.png;1363;554;1415;603;1;0.8315
00010.png;149;407;196;466;1;0.6988
00010.png;398;529;510;610;1;0.6904
00010.png;210;464;368;566;1;0.5832
00011.png;707;544;783;598;1;0.9543
00011.png;1183;361;1518;629;1;0.9338
00011.png;1198;366;1381;452;1;0.8453
00011.png;1343;383;1513;469;1;0.8343
00011.png;1216;498;1246;538;1;0.8304
00011.png;1379;396;1406;448;1;0.8204
00011.png;1213;542;1240;581;1;0.7961
00011.png;597;563;633;599;1;0.7889
00011.png;1317;475;1377;509;1;0.7703
00011.png;1216;458;1255;498;1;0.7672
00011.png;1429;512;1488;571;1;0.7507
00011.png;1395;397;1434;450;1;0.7125
00012.png;1108;318;1547;630;1;0.9474
00012.png;759;555;828;595;1;0.9240
00012.png;1335;361;1540;474;1;0.8616
00012.png;1283;462;1365;503;1;0.8389
00012.png;1142;337;1203;405;1;0.8389
00012.png;1207;353;1268;383;1;0.8389
00012.png;1304;398;1388;424;1;0.8389
00012.png;1434;409;1491;436;1;0.8389
00012.png;1323;367;1389;397;1;0.8387
00012.png;1432;380;1488;406;1;0.8387
00012.png;1199;383;1250;410;1;0.8338
00013.png;742;180;998;381;1;0.9687
00013.png;831;219;880;249;1;0.8378
00013.png;334;411;398;441;1;0.7914
00013.png;206;383;257;421;1;0.7849
00013.png;766;335;805;368;1;0.7775
00013.png;936;329;976;363;1;0.7669
00013.png;1279;271;1416;331;1;0.7439
00013.png;259;400;299;432;1;0.6372
00014.png;795;77;1156;340;1;0.9427
00014.png;801;84;967;154;1;0.8922
00014.png;924;82;1126;159;1;0.8830
00014.png;815;294;899;328;1;0.8390
00014.png;990;89;1025;145;1;0.8389
00014.png;888;291;940;327;1;0.8389
00014.png;862;220;895;259;1;0.8389
00014.png;1016;202;1100;285;1;0.8385
00014.png;1025;286;1090;331;1;0.7664
00014.png;421;539;461;582;1;0.7339
00014.png;140;488;569;606;1;0.6838
00014.png;0;538;156;604;1;0.4494
00014.png;478;550;602;595;1;0.4355
00015.png;629;197;897;400;1;0.9714
00015.png;830;614;882;652;1;0.6817
00015.png;899;220;931;246;1;0.6408
00015.png;881;310;1037;387;1;0.5686
00016.png;847;165;979;223;1;0.8511
00016.png;954;164;1098;221;1;0.8189
00016.png;816;202;1128;386;1;0.8028
00016.png;1016;261;1085;326;1;0.7039
00016.png;771;556;800;583;1;0.6989
00016.png;868;265;899;299;1;0.6577
00016.png;982;171;1006;215;1;0.5998
00016.png;999;170;1032;215;1;0.5964
00016.png;158;63;1920;483;1;0.5620
00016.png;871;231;986;271;1;0.4119
00017.png;594;183;871;424;1;0.8440
00017.png;672;226;760;266;1;0.8289
00017.png;338;179;1920;535;1;0.6552
00017.png;929;320;1045;419;1;0.6391
00017.png;746;292;789;327;1;0.6032
00017.png;992;387;1920;644;1;0.5603
00017.png;382;245;701;461;1;0.4694
00018.png;1207;361;1642;591;1;0.9291
00018.png;1242;365;1447;452;1;0.8766
00018.png;1403;376;1636;468;1;0.8489
00018.png;1266;506;1299;547;1;0.8389
00018.png;1329;510;1363;553;1;0.8389
00018.png;1447;518;1481;559;1;0.8139
00018.png;1548;497;1606;556;1;0.7688
00018.png;1447;387;1480;447;1;0.6987
00018.png;1470;388;1514;449;1;0.6843
00018.png;1244;457;1417;515;1;0.6061
00019.png;996;87;1175;275;1;0.8432
00019.png;718;69;1010;265;1;0.8399
00019.png;852;169;890;190;1;0.7270
00019.png;828;201;880;244;1;0.6269
00019.png;1062;216;1106;260;1;0.5321
00019.png;1030;169;1065;202;1;0.4954
00019.png;1017;138;1057;165;1;0.4766
00019.png;782;160;823;190;1;0.4314
00020.png;996;87;1175;275;1;0.8432
00020.png;718;69;1010;265;1;0.8399
00020.png;852;169;890;190;1;0.7270
00020.png;828;201;880;244;1;0.6269
00020.png;1062;216;1106;260;1;0.5321
00020.png;1030;169;1065;202;1;0.4954
00020.png;1017;138;1057;165;1;0.4766
00020.png;782;160;823;190;1;0.4314
00021.png;1285;278;1722;568;1;0.9241
00021.png;1292;284;1509;368;1;0.8711
00021.png;1463;293;1717;376;1;0.8483
00021.png;1397;334;1539;376;1;0.8462
00021.png;1339;303;1370;338;1;0.8389
00021.png;1395;307;1426;341;1;0.8389
00021.png;1606;315;1637;349;1;0.8389
00021.png;1657;315;1690;351;1;0.8389
00021.png;1381;485;1413;526;1;0.8389
00021.png;1428;313;1464;343;1;0.8385
00021.png;1313;434;1347;475;1;0.8376
00021.png;1366;305;1397;339;1;0.8366
00021.png;1526;442;1557;484;1;0.8227
00021.png;1411;491;1441;526;1;0.8106
00021.png;1391;435;1418;479;1;0.7870
00021.png;1366;443;1398;477;1;0.7739
00021.png;1456;495;1486;538;1;0.7372
00021.png;1534;301;1574;357;1;0.6793
00021.png;1612;427;1697;510;1;0.6736
00021.png;1618;460;1663;503;1;0.5984
00022.png;1380;311;1740;571;1;0.9202
00022.png;1692;1041;1745;1074;1;0.9099
00022.png;1744;1054;1794;1080;1;0.8572
00022.png;1388;316;1554;392;1;0.8434
00022.png;1401;440;1432;476;1;0.8389
00022.png;1456;484;1483;523;1;0.8389
00022.png;1511;496;1568;539;1;0.8146
00022.png;1458;1041;1546;1080;1;0.7947
00022.png;1512;324;1736;412;1;0.7907
00022.png;1643;448;1717;522;1;0.7201
00022.png;1556;335;1586;388;1;0.6980
00022.png;1522;1045;1614;1080;1;0.6687
00022.png;1575;335;1616;391;1;0.6520
00022.png;1461;400;1567;453;1;0.4700
00023.png;726;66;1030;304;1;0.9349
00023.png;744;226;796;267;1;0.7599
00023.png;954;247;998;288;1;0.7466
00023.png;862;175;892;210;1;0.7058
00023.png;809;166;845;206;1;0.6383
00024.png;1360;253;1754;507;1;0.9746
00024.png;1513;288;1595;330;1;0.8378
00024.png;1665;335;1698;374;1;0.8246
00024.png;1396;386;1429;421;1;0.7947
00024.png;1652;383;1687;422;1;0.7929
00024.png;1680;383;1712;422;1;0.7915
00024.png;1655;433;1687;469;1;0.7803
00024.png;1627;434;1661;469;1;0.7732
00024.png;1395;431;1431;470;1;0.7633
00024.png;1680;431;1713;471;1;0.7409
00024.png;1545;335;1572;374;1;0.7377
00024.png;1396;338;1428;374;1;0.7105
00024.png;1404;1055;1460;1080;1;0.7017
00024.png;1525;1063;1609;1080;1;0.5617
00025.png;1059;501;1137;556;1;0.9182
00025.png;696;442;727;480;1;0.8781
00025.png;559;278;598;330;1;0.8388
00025.png;1516;792;1607;842;1;0.8378
00025.png;59;209;97;234;1;0.8015
00025.png;239;942;288;961;1;0.7963
00025.png;151;1018;272;1080;1;0.7901
00025.png;461;880;500;900;1;0.7828
00025.png;214;347;346;477;1;0.7338
00025.png;1310;814;1429;855;1;0.7052
00025.png;605;879;641;906;1;0.6842
00025.png;1439;793;1525;847;1;0.6629
00025.png;0;1021;150;1080;1;0.6557
00025.png;22;40;184;158;1;0.6038
00025.png;102;103;653;472;1;0.6001
00025.png;841;859;883;880;1;0.5589
00026.png;1080;297;1431;581;1;0.9398
00026.png;1230;317;1427;419;1;0.8498
00026.png;698;514;746;553;1;0.8492
00026.png;1108;303;1277;399;1;0.8490
00026.png;1267;338;1320;387;1;0.8389
00026.png;1334;354;1409;386;1;0.8389
00026.png;1181;501;1226;532;1;0.8389
00026.png;1131;443;1162;477;1;0.8389
00026.png;1320;452;1397;517;1;0.8006
00026.png;160;434;294;474;1;0.7285
00026.png;596;510;643;548;1;0.6902
00026.png;530;505;590;544;1;0.6901
00026.png;1717;767;1920;827;1;0.6808
00026.png;5;927;196;1020;1;0.6594
00026.png;148;901;322;1000;1;0.5873
00026.png;1152;397;1246;440;1;0.5556
00027.png;565;96;869;312;1;0.9328
00027.png;703;1048;764;1080;1;0.8819
00027.png;698;133;742;166;1;0.8389
00027.png;593;228;633;262;1;0.8389
00027.png;779;254;820;285;1;0.8389
00027.png;709;169;761;199;1;0.8389
00027.png;648;191;681;225;1;0.8389
00027.png;671;164;713;190;1;0.8389
00027.png;1007;863;1035;891;1;0.8197
00027.png;1387;944;1450;996;1;0.7705
00027.png;93;911;200;961;1;0.7573
00027.png;353;839;778;965;1;0.7459
00027.png;1036;831;1091;883;1;0.6866
00027.png;1455;958;1488;988;1;0.6854
00027.png;259;402;306;435;1;0.6742
00027.png;883;250;915;272;1;0.6677
00027.png;1374;799;1423;826;1;0.6511
00027.png;187;900;259;946;1;0.6335
00027.png;309;402;339;428;1;0.6306
00027.png;878;845;946;875;1;0.6038
00027.png;862;879;930;906;1;0.5985
00028.png;1205;229;1653;585;1;0.8991
00028.png;627;290;679;310;1;0.8991
00028.png;1214;292;1668;405;1;0.8647
00028.png;1506;358;1631;394;1;0.8645
00028.png;1224;236;1446;352;1;0.8625
00028.png;691;294;756;320;1;0.8586
00028.png;1511;1042;1577;1072;1;0.8528
00028.png;1399;411;1638;579;1;0.8446
00028.png;1424;1037;1544;1080;1;0.8424
00028.png;1303;272;1334;307;1;0.8389
00028.png;1262;265;1340;310;1;0.8389
00028.png;1327;276;1357;312;1;0.8389
00028.png;1545;310;1576;345;1;0.8389
00028.png;1280;268;1310;304;1;0.8385
00028.png;1252;298;1487;364;1;0.8347
00028.png;1518;300;1552;343;1;0.8332
00028.png;1494;1057;1579;1080;1;0.8331
00028.png;1314;410;1346;455;1;0.8312
00028.png;1314;459;1370;512;1;0.8265
00028.png;1242;449;1282;497;1;0.8227
00028.png;1354;281;1393;321;1;0.8194
00028.png;205;1036;266;1080;1;0.8017
00028.png;1357;471;1414;521;1;0.7943
00028.png;1425;434;1460;474;1;0.7814
00028.png;1271;413;1306;453;1;0.7718
00028.png;1427;277;1512;355;1;0.7549
00028.png;1275;459;1307;500;1;0.7519
00028.png;1240;398;1282;448;1;0.7236
00028.png;1334;422;1366;466;1;0.7071
00028.png;1438;281;1473;343;1;0.7051
00028.png;1513;402;1605;481;1;0.6812
00028.png;801;1055;849;1080;1;0.6663
00028.png;142;1055;197;1080;1;0.6527
00028.png;1281;352;1465;429;1;0.6140
00029.png;1037;324;1508;610;1;0.8679
00029.png;1250;309;1459;396;1;0.8648
00029.png;1110;308;1293;369;1;0.8587
00029.png;668;510;888;578;1;0.8470
00029.png;1290;314;1359;372;1;0.8389
00029.png;1126;432;1157;467;1;0.8389
00029.png;1389;338;1439;370;1;0.8389
00029.png;1150;440;1202;472;1;0.8389
00029.png;1125;479;1157;518;1;0.8389
00029.png;1246;448;1298;484;1;0.8389
00029.png;1168;491;1219;525;1;0.8389
00029.png;1188;444;1245;478;1;0.8389
00029.png;1241;496;1300;548;1;0.8389
00029.png;1358;447;1425;515;1;0.8389
00029.png;1869;575;1920;608;1;0.7557
00029.png;1407;713;1437;740;1;0.7445
00029.png;41;1038;98;1080;1;0.7325
00029.png;0;870;484;1016;1;0.7312
00029.png;1455;651;1920;789;1;0.7300
00029.png;1887;968;1920;995;1;0.7288
00029.png;1129;519;1448;621;1;0.7169
00029.png;1696;730;1920;782;1;0.7067
00029.png;132;1035;190;1080;1;0.6854
00029.png;1611;474;1920;613;1;0.6804
00029.png;550;946;588;966;1;0.6706
00029.png;417;838;481;868;1;0.6678
00029.png;1754;843;1844;916;1;0.6468
00029.png;0;98;38;151;1;0.6211
00029.png;0;1036;43;1080;1;0.5538
00029.png;1885;892;1920;952;1;0.5473
00029.png;1045;627;1282;695;1;0.5467
00029.png;1167;380;1269;437;1;0.5448
00029.png;0;58;560;540;1;0.5213
00029.png;1579;502;1734;605;1;0.5053
00029.png;1815;572;1920;612;1;0.4741
00030.png;862;487;893;525;1;0.8963
00030.png;1368;274;1546;346;1;0.8907
00030.png;1268;272;1403;339;1;0.8907
00030.png;1129;462;1199;486;1;0.8868
00030.png;1222;312;1589;527;1;0.8753
00030.png;1816;340;1920;396;1;0.8403
00030.png;1405;285;1453;330;1;0.8389
00030.png;1284;399;1337;433;1;0.8389
00030.png;1463;298;1528;324;1;0.8389
00030.png;1374;402;1442;435;1;0.8389
00030.png;1474;393;1523;452;1;0.8389
00030.png;1459;450;1920;655;1;0.7954
00030.png;751;353;786;393;1;0.7159
00030.png;1010;264;1920;650;1;0.6967
00030.png;1112;488;1194;551;1;0.6550
00030.png;1317;349;1408;397;1;0.6429
00030.png;0;141;804;470;1;0.6232
00030.png;1591;640;1920;735;1;0.5138
00031.png;1179;308;1528;547;1;0.7950
00031.png;1201;451;1235;484;1;0.4505
00032.png;1264;181;1766;609;1;0.9065
00032.png;1657;1051;1717;1080;1;0.8943
00032.png;1435;1051;1518;1080;1;0.8507
00032.png;1341;498;1375;534;1;0.8389
00032.png;1688;257;1718;292;1;0.8376
00032.png;1303;191;1509;286;1;0.8346
00032.png;1390;509;1439;541;1;0.8334
00032.png;1372;1050;1454;1080;1;0.8314
00032.png;1295;210;1734;322;1;0.8146
00032.png;1502;1059;1580;1080;1;0.8115
00032.png;1261;1045;1320;1080;1;0.7718
00032.png;1663;256;1694;290;1;0.7678
00032.png;1300;1048;1387;1080;1;0.7596
00032.png;1305;443;1339;483;1;0.7094
00032.png;1318;330;1352;371;1;0.6837
00032.png;1604;393;1728;512;1;0.6799
00032.png;1503;222;1569;280;1;0.6295
00032.png;1265;456;1743;601;1;0.5175
00032.png;1356;291;1471;349;1;0.4656
00032.png;1370;397;1540;457;1;0.4601
00033.png;620;102;847;351;1;0.9787
00033.png;587;1043;739;1080;1;0.9073
00033.png;1127;523;1156;561;1;0.9041
00033.png;174;1041;209;1080;1;0.8874
00033.png;740;1046;783;1080;1;0.8708
00033.png;695;134;760;166;1;0.8389
00033.png;45;1013;183;1080;1;0.7946
00033.png;926;554;964;584;1;0.7788
00033.png;1880;673;1902;706;1;0.7118
00033.png;185;346;220;368;1;0.7025
00033.png;447;411;540;465;1;0.6866
00033.png;561;427;664;474;1;0.6579
00034.png;217;1047;279;1080;1;0.8929
00034.png;0;1040;55;1080;1;0.8836
00034.png;1394;248;1627;361;1;0.8562
00034.png;217;455;248;482;1;0.8510
00034.png;1653;462;1683;501;1;0.8389
00034.png;1463;443;1493;482;1;0.8378
00034.png;1536;289;1576;322;1;0.8368
00034.png;1424;423;1469;482;1;0.8353
00034.png;1549;451;1581;490;1;0.8349
00034.png;1576;297;1833;380;1;0.8344
00034.png;1739;306;1773;341;1;0.8296
00034.png;59;1035;131;1080;1;0.8285
00034.png;1710;300;1742;339;1;0.8281
00034.png;1767;306;1803;347;1;0.8281
00034.png;1510;438;1552;489;1;0.8255
00034.png;1388;291;1839;429;1;0.8245
00034.png;1727;430;1793;497;1;0.8196
00034.png;1461;274;1493;314;1;0.8179
00034.png;138;1035;216;1080;1;0.8139
00034.png;1605;457;1637;496;1;0.7995
00034.png;1432;273;1464;309;1;0.7988
00034.png;1575;454;1609;503;1;0.7968
00034.png;651;458;684;494;1;0.7828
00034.png;1548;338;1632;365;1;0.7761
00034.png;1108;574;1172;624;1;0.7514
00034.png;1191;671;1219;711;1;0.7488
00034.png;1387;370;1484;526;1;0.7471
00034.png;1655;277;1711;352;1;0.7463
00034.png;174;481;261;516;1;0.7449
00034.png;1628;275;1669;349;1;0.7368
00034.png;1491;277;1523;316;1;0.7291
00034.png;688;460;718;484;1;0.6902
00034.png;42;165;689;538;1;0.6496
00034.png;1855;496;1920;561;1;0.6048
00034.png;1339;806;1481;854;1;0.6000
00034.png;987;507;1070;599;1;0.5567
00034.png;590;464;910;578;1;0.5017
00034.png;763;423;1026;542;1;0.4905
00034.png;1483;367;1631;443;1;0.4143
00035.png;1391;342;1551;417;1;0.8625
00035.png;1529;413;1678;455;1;0.8532
00035.png;1539;511;1683;680;1;0.8508
00035.png;1383;359;1684;462;1;0.8487
00035.png;1330;378;1720;612;1;0.8455
00035.png;1600;482;1651;530;1;0.8389
00035.png;1544;370;1603;420;1;0.8364
00035.png;1649;530;1920;728;1;0.7852
00035.png;0;1013;197;1080;1;0.7469
00035.png;116;891;172;925;1;0.6913
00035.png;1277;332;1920;766;1;0.6842
00035.png;667;518;707;544;1;0.6329
00035.png;411;398;493;432;1;0.5860
00035.png;89;873;320;999;1;0.5675
00035.png;1138;601;1193;620;1;0.5652
00035.png;1420;416;1507;467;1;0.4952
00036.png;509;108;751;353;1;0.9637
00036.png;206;540;259;577;1;0.8772
00036.png;962;531;993;567;1;0.8577
00036.png;1175;545;1220;578;1;0.8527
00036.png;600;139;665;171;1;0.8389
00036.png;671;177;719;208;1;0.8389
00036.png;673;215;709;245;1;0.8389
00036.png;605;296;645;328;1;0.8389
00036.png;545;171;594;203;1;0.8389
00036.png;1692;382;1876;431;1;0.7974
00036.png;620;661;707;716;1;0.7052
00036.png;1647;471;1920;563;1;0.6800
00036.png;329;897;384;926;1;0.6715
00036.png;1314;320;1920;679;1;0.6475
00036.png;1785;454;1920;496;1;0.6175
00036.png;1694;550;1920;623;1;0.6095
00036.png;1394;513;1920;642;1;0.5690
00036.png;1477;626;1920;748;1;0.5347
00036.png;839;232;875;255;1;0.5040
00036.png;269;252;1280;530;1;0.4610
00037.png;1231;373;1565;559;1;0.9374
00037.png;62;393;198;494;1;0.8471
00037.png;1365;395;1431;428;1;0.8389
00037.png;1284;493;1319;527;1;0.8389
00037.png;1349;494;1383;527;1;0.8389
00037.png;1347;434;1429;461;1;0.8389
00037.png;1456;493;1487;527;1;0.8389
00037.png;1461;456;1509;490;1;0.8389
00037.png;396;873;424;898;1;0.7965
00037.png;0;116;35;186;1;0.7954
00037.png;309;871;339;897;1;0.7728
00037.png;331;261;734;499;1;0.7551
00037.png;269;283;347;343;1;0.7362
00037.png;1695;526;1738;556;1;0.7213
00037.png;174;206;232;233;1;0.7089
00037.png;1574;813;1624;851;1;0.6366
00037.png;1764;763;1833;798;1;0.6332
00037.png;135;171;186;202;1;0.6231
00037.png;1860;342;1920;382;1;0.6190
00037.png;1825;560;1857;593;1;0.6177
00037.png;350;895;427;951;1;0.5767
00037.png;427;870;501;948;1;0.5724
00037.png;510;887;552;921;1;0.5373
00037.png;1549;323;1920;550;1;0.5326
00037.png;1832;470;1920;571;1;0.5325
00038.png;1297;281;1770;586;1;0.9162
00038.png;1304;295;1538;392;1;0.8632
00038.png;1405;476;1470;519;1;0.8402
00038.png;1476;491;1525;523;1;0.8400
00038.png;1399;421;1438;472;1;0.8395
00038.png;1376;314;1409;354;1;0.8389
00038.png;1351;311;1381;351;1;0.8385
00038.png;1338;469;1397;511;1;0.8383
00038.png;1402;316;1438;359;1;0.8345
00038.png;1342;413;1383;465;1;0.8265
00038.png;1332;410;1448;475;1;0.8205
00038.png;1457;480;1488;521;1;0.8146
00038.png;1429;434;1488;477;1;0.8120
00038.png;1476;426;1524;482;1;0.8115
00038.png;0;1035;89;1080;1;0.8058
00038.png;1691;349;1723;390;1;0.7961
00038.png;1490;300;1764;424;1;0.7863
00038.png;1658;467;1728;519;1;0.7816
00038.png;1509;430;1574;487;1;0.7777
00038.png;1255;788;1370;861;1;0.7743
00038.png;902;377;979;420;1;0.7709
00038.png;1090;843;1157;882;1;0.7692
00038.png;233;1040;266;1071;1;0.7566
00038.png;1447;330;1492;365;1;0.7546
00038.png;1373;428;1409;468;1;0.7411
00038.png;270;296;293;329;1;0.7281
00038.png;1635;344;1702;388;1;0.7261
00038.png;749;432;887;484;1;0.7080
00038.png;732;476;871;578;1;0.6954
00038.png;1137;793;1272;880;1;0.6828
00038.png;1575;318;1625;394;1;0.6711
00038.png;824;504;1218;625;1;0.6574
00038.png;345;335;1351;574;1;0.6522
00038.png;1362;801;1523;863;1;0.6404
00038.png;668;529;706;550;1;0.6047
00038.png;162;1027;252;1080;1;0.5879
00038.png;880;464;909;512;1;0.5675
00039.png;768;489;796;519;1;0.9384
00039.png;603;489;640;523;1;0.9355
00039.png;454;463;489;495;1;0.8975
00039.png;757;64;1020;297;1;0.8950
00039.png;762;151;1016;227;1;0.8730
00039.png;766;155;927;195;1;0.8561
00039.png;831;91;862;125;1;0.8389
00039.png;855;95;887;129;1;0.8389
00039.png;932;108;963;142;1;0.8389
00039.png;961;149;991;185;1;0.8389
00039.png;866;133;897;168;1;0.8389
00039.png;888;137;921;171;1;0.8389
00039.png;845;131;876;165;1;0.8389
00039.png;930;142;974;183;1;0.8389
00039.png;786;120;842;161;1;0.8366
00039.png;832;126;953;179;1;0.8362
00039.png;877;96;908;135;1;0.8248
00039.png;910;139;941;178;1;0.8233
00039.png;955;110;985;149;1;0.8124
00039.png;886;204;953;274;1;0.5385
00039.png;810;193;879;263;1;0.5240
00040.png;1318;208;1677;559;1;0.9564
00040.png;646;505;677;534;1;0.8816
00040.png;1407;249;1442;291;1;0.8389
00040.png;1572;309;1607;353;1;0.8389
00040.png;1357;297;1387;342;1;0.8389
00040.png;1435;301;1470;346;1;0.8385
00040.png;1494;304;1536;349;1;0.8378
00040.png;1555;257;1594;300;1;0.8374
00040.png;1391;395;1436;443;1;0.8330
00040.png;1374;244;1413;292;1;0.8293
00040.png;1473;402;1505;445;1;0.8183
00040.png;1596;309;1638;357;1;0.8142
00040.png;1529;305;1565;353;1;0.8135
00040.png;1499;253;1530;298;1;0.8128
00040.png;1379;297;1422;345;1;0.8042
00040.png;1586;258;1621;303;1;0.7983
00040.png;1436;250;1477;295;1;0.7925
00040.png;1462;302;1503;347;1;0.7925
00040.png;1431;1051;1491;1080;1;0.7901
00040.png;1552;413;1600;449;1;0.7865
00040.png;1470;250;1506;298;1;0.7849
00040.png;1307;1030;1429;1080;1;0.7636
00040.png;1497;403;1536;447;1;0.7597
00040.png;927;514;975;552;1;0.7596
00040.png;1504;1056;1551;1080;1;0.5541
00040.png;1522;452;1587;520;1;0.5314
00040.png;1402;448;1467;515;1;0.4466
00041.png;646;60;936;321;1;0.9482
00041.png;747;83;832;126;1;0.8378
00041.png;685;123;716;159;1;0.8353
00041.png;772;207;802;250;1;0.8198
00041.png;690;164;720;199;1;0.8159
00041.png;837;208;869;251;1;0.8128
00041.png;861;263;912;304;1;0.8046
00041.png;663;260;713;299;1;0.7685
00041.png;706;205;748;249;1;0.7671
00041.png;745;214;775;249;1;0.7167
00042.png;1105;198;1491;567;1;0.9171
00042.png;1133;206;1310;297;1;0.8503
00042.png;1260;224;1487;334;1;0.8335
00042.png;1310;242;1341;293;1;0.8104
00042.png;1328;243;1373;295;1;0.8094
00042.png;1360;382;1461;465;1;0.7435
00042.png;1223;296;1325;353;1;0.5332
00043.png;697;61;975;318;1;0.9697
00043.png;1150;484;1178;530;1;0.9048
00043.png;820;1044;886;1080;1;0.8855
00043.png;790;87;866;126;1;0.8383
00043.png;654;1038;840;1080;1;0.8335
00043.png;723;267;765;299;1;0.8086
00043.png;898;263;941;297;1;0.8019
00043.png;760;215;795;255;1;0.8010
00044.png;1268;152;1492;238;1;0.8752
00044.png;1194;196;1891;557;1;0.8686
00044.png;1422;154;1816;256;1;0.8517
00044.png;1495;488;1683;644;1;0.8514
00044.png;1329;172;1361;208;1;0.8389
00044.png;1360;174;1391;210;1;0.8389
00044.png;1408;182;1448;213;1;0.8389
00044.png;1295;372;1326;407;1;0.8389
00044.png;1335;374;1365;409;1;0.8389
00044.png;1749;192;1780;228;1;0.8389
00044.png;1723;191;1754;227;1;0.8389
00044.png;1692;190;1726;226;1;0.8389
00044.png;1361;429;1396;473;1;0.8389
00044.png;1398;439;1429;474;1;0.8389
00044.png;1482;443;1513;477;1;0.8389
00044.png;1511;443;1542;479;1;0.8389
00044.png;1450;439;1483;478;1;0.8374
00044.png;1298;168;1330;208;1;0.8359
00044.png;1538;442;1572;482;1;0.8263
00044.png;1114;552;1165;605;1;0.7828
00044.png;1491;165;1593;236;1;0.7825
00044.png;1674;311;1795;432;1;0.7821
00044.png;1499;166;1534;233;1;0.7803
00044.png;1466;500;1510;560;1;0.7496
00044.png;1118;625;1158;651;1;0.6795
00044.png;1161;640;1212;672;1;0.6724
00044.png;312;434;430;502;1;0.6488
00044.png;1018;544;1071;592;1;0.6372
00044.png;704;537;745;575;1;0.6190
00044.png;1219;654;1293;688;1;0.6002
00044.png;763;482;1101;567;1;0.5713
00044.png;1306;680;1343;702;1;0.5589
00044.png;1294;581;1325;616;1;0.5505
00044.png;1422;487;1517;631;1;0.4607
00044.png;1669;476;1920;815;1;0.4540
00044.png;1385;261;1573;326;1;0.4256
00045.png;0;1047;70;1080;1;0.8580
00045.png;599;48;978;362;1;0.8409
00045.png;810;299;850;331;1;0.8389
00045.png;640;276;680;310;1;0.8389
00045.png;682;219;716;254;1;0.8389
00045.png;1537;626;1569;661;1;0.7135
00045.png;1813;743;1878;785;1;0.7081
00045.png;77;1051;123;1074;1;0.7065
00045.png;1124;512;1164;533;1;0.7020
00045.png;1319;499;1920;719;1;0.6318
00045.png;381;493;578;533;1;0.5999
00046.png;1319;228;1674;515;1;0.9368
00046.png;1326;234;1508;316;1;0.8986
00046.png;1471;236;1667;319;1;0.8698
00046.png;1465;451;1522;481;1;0.8389
00046.png;1350;369;1383;405;1;0.8389
00046.png;1354;449;1399;479;1;0.8389
00046.png;1367;409;1400;445;1;0.8389
00046.png;1507;451;1576;482;1;0.8389
00046.png;1575;261;1649;295;1;0.8370
00046.png;1510;414;1540;449;1;0.8364
00046.png;1032;509;1069;536;1;0.8290
00046.png;1447;376;1504;408;1;0.8056
00046.png;1493;371;1525;410;1;0.7954
00046.png;1506;248;1567;305;1;0.7876
00046.png;1581;378;1646;443;1;0.7744
00046.png;1381;325;1551;375;1;0.4515
00047.png;1373;332;1679;524;1;0.9175
00047.png;1499;373;1530;407;1;0.8381
00047.png;1488;366;1570;416;1;0.8374
00047.png;1400;399;1466;435;1;0.8364
00047.png;1610;423;1649;456;1;0.8227
00047.png;1500;445;1532;485;1;0.8157
00047.png;1565;453;1599;492;1;0.7895
00047.png;1450;440;1483;476;1;0.7823
00047.png;1399;430;1441;472;1;0.7789
00047.png;1678;1035;1744;1057;1;0.7634
00047.png;1612;457;1644;498;1;0.7506
00047.png;1590;455;1621;495;1;0.6971
00047.png;1345;1024;1625;1072;1;0.4772
00048.png;997;406;1238;584;1;0.9341
00048.png;1020;409;1117;457;1;0.8927
00048.png;969;1002;1205;1051;1;0.8416
00048.png;1090;415;1236;468;1;0.8407
00048.png;1179;484;1220;519;1;0.8389
00048.png;1115;422;1154;456;1;0.8355
00049.png;458;49;876;374;1;0.9030
00049.png;621;85;733;144;1;0.8467
00049.png;656;95;706;136;1;0.8389
00049.png;639;96;673;130;1;0.8389
00049.png;666;240;700;284;1;0.8389
00049.png;695;253;727;286;1;0.8389
00049.png;723;250;750;290;1;0.8389
00049.png;649;185;679;224;1;0.8389
00049.png;641;136;667;176;1;0.8389
00049.png;748;261;780;294;1;0.8389
00049.png;709;153;739;196;1;0.8389
00049.png;718;194;748;233;1;0.8389
00049.png;732;156;764;190;1;0.8389
00049.png;674;191;705;231;1;0.8389
00049.png;578;167;626;218;1;0.8334
00049.png;573;126;621;171;1;0.8281
00049.png;494;266;556;315;1;0.8089
00049.png;749;302;810;347;1;0.7819
00049.png;383;622;549;684;1;0.7742
00049.png;1196;670;1227;706;1;0.6238
00049.png;764;676;879;737;1;0.6144
00049.png;600;674;657;708;1;0.5983
00049.png;894;586;933;619;1;0.5903
00049.png;506;213;687;287;1;0.5626
00050.png;973;430;1118;500;1;0.8764
00050.png;964;432;1260;542;1;0.8475
00050.png;914;452;1292;741;1;0.8471
00050.png;0;0;542;128;1;0.8389
00050.png;795;686;824;711;1;0.7784
00050.png;1113;456;1165;500;1;0.7587
00050.png;1135;320;1248;379;1;0.7579
00050.png;35;379;150;453;1;0.7347
00050.png;1544;716;1651;739;1;0.7321
00050.png;515;548;606;583;1;0.7257
00050.png;1145;570;1231;648;1;0.7105
00050.png;0;0;1920;556;1;0.6364
00050.png;683;529;1017;711;1;0.6341
00050.png;38;138;131;204;1;0.5727
00050.png;626;560;660;583;1;0.5308
00050.png;1809;897;1920;939;1;0.5240
00050.png;1119;611;1920;834;1;0.5149
00050.png;1031;507;1113;551;1;0.5147
00050.png;9;372;58;429;1;0.5142
00050.png;673;597;767;627;1;0.4629
00051.png;1150;560;1438;724;1;0.9027
00051.png;1268;588;1326;619;1;0.8389
00051.png;0;0;1219;320;1;0.7579
00052.png;633;34;878;128;1;0.8658
00052.png;609;92;1166;377;1;0.8601
00052.png;766;288;793;328;1;0.8389
00052.png;635;99;798;160;1;0.8338
00052.png;697;272;745;329;1;0.8317
00052.png;730;285;775;327;1;0.8298
00052.png;782;69;827;103;1;0.8077
00052.png;732;60;771;102;1;0.8046
00052.png;1004;68;1037;110;1;0.8026
00052.png;817;26;1131;148;1;0.7903
00052.png;703;58;742;102;1;0.7879
00052.png;846;289;886;331;1;0.7819
00052.png;816;289;856;329;1;0.7816
00052.png;675;58;709;100;1;0.7573
00052.png;318;219;418;257;1;0.7562
00052.png;778;218;821;271;1;0.7476
00052.png;1029;67;1064;110;1;0.7379
00052.png;979;66;1012;110;1;0.7352
00052.png;137;615;263;687;1;0.7186
00052.png;986;209;1065;292;1;0.7149
00052.png;786;286;827;329;1;0.7123
00052.png;859;230;890;270;1;0.7107
00052.png;139;651;194;674;1;0.7035
00052.png;824;219;867;272;1;0.6946
00052.png;880;51;959;119;1;0.6785
00052.png;0;0;1546;381;1;0.6686
00052.png;702;225;743;267;1;0.6675
00052.png;733;227;790;268;1;0.6433
00052.png;667;215;711;267;1;0.6377
00052.png;879;230;919;271;1;0.6360
00052.png;1153;788;1272;821;1;0.5282
00053.png;1076;435;1423;697;1;0.9567
00053.png;764;588;917;630;1;0.8902
00053.png;1103;440;1273;525;1;0.8853
00053.png;360;554;434;584;1;0.8742
00053.png;1236;454;1419;540;1;0.8725
00053.png;84;549;315;617;1;0.8477
00053.png;380;590;434;620;1;0.8392
00053.png;1125;208;1215;272;1;0.8223
00053.png;1276;468;1302;518;1;0.8220
00053.png;110;206;143;237;1;0.7990
00053.png;1326;564;1388;623;1;0.7886
00053.png;1293;469;1329;520;1;0.7747
00053.png;917;0;1355;152;1;0.7401
00053.png;440;570;589;622;1;0.7364
00053.png;0;0;215;146;1;0.6325
00053.png;291;0;531;111;1;0.5642
00054.png;1093;533;1328;689;1;0.9455
00054.png;1178;535;1317;584;1;0.8924
00054.png;1097;537;1204;587;1;0.8851
00054.png;1204;543;1239;576;1;0.8389
00054.png;1104;550;1166;574;1;0.8389
00054.png;1276;608;1308;643;1;0.8389
00054.png;1122;619;1183;642;1;0.8389
00054.png;1854;934;1920;965;1;0.6590
00054.png;1104;641;1188;671;1;0.6577
00054.png;1729;607;1780;638;1;0.5965
00054.png;221;0;466;86;1;0.5663
00054.png;1710;812;1825;867;1;0.5329
00054.png;1162;589;1219;622;1;0.5240
00054.png;1765;809;1920;859;1;0.4849
00055.png;1435;459;1663;628;1;0.8855
00055.png;1409;575;1661;714;1;0.8781
00055.png;1088;686;1130;729;1;0.8509
00055.png;1512;480;1578;530;1;0.8390
00055.png;1459;539;1490;573;1;0.8389
00055.png;1454;511;1555;551;1;0.8389
00055.png;1450;635;1509;671;1;0.8389
00055.png;1562;556;1629;595;1;0.8389
00055.png;62;618;98;669;1;0.7320
00055.png;1489;598;1589;655;1;0.6722
00055.png;837;663;869;705;1;0.6205
00056.png;1264;470;1476;584;1;0.8703
00056.png;1215;550;1694;751;1;0.8698
00056.png;1430;486;1680;599;1;0.8600
00056.png;1297;638;1337;682;1;0.8389
00056.png;1331;649;1364;684;1;0.8389
00056.png;1357;653;1400;687;1;0.8389
00056.png;1394;647;1426;689;1;0.8389
00056.png;1421;656;1452;690;1;0.8389
00056.png;1485;661;1516;695;1;0.8389
00056.png;1581;526;1612;565;1;0.8389
00056.png;1557;524;1587;563;1;0.8389
00056.png;1605;529;1635;565;1;0.8389
00056.png;1302;504;1332;540;1;0.8389
00056.png;1327;506;1357;542;1;0.8389
00056.png;1352;508;1383;544;1;0.8389
00056.png;1510;663;1541;697;1;0.8389
00056.png;1589;640;1633;683;1;0.8389
00056.png;1502;508;1543;570;1;0.8389
00056.png;1394;519;1430;549;1;0.8389
00056.png;1077;639;1110;695;1;0.8147
00056.png;1221;801;1262;826;1;0.8006
00056.png;1883;890;1920;930;1;0.7840
00056.png;1198;430;1234;466;1;0.7778
00056.png;610;712;710;758;1;0.7621
00056.png;1152;389;1920;817;1;0.7409
00056.png;0;226;64;252;1;0.7403
00056.png;1263;694;1625;800;1;0.7264
00056.png;474;834;698;914;1;0.7096
00056.png;385;982;417;1007;1;0.6920
00056.png;305;697;368;721;1;0.6645
00056.png;461;720;609;760;1;0.6524
00056.png;1596;809;1666;834;1;0.6426
00056.png;665;662;1144;785;1;0.6373
00056.png;1433;826;1513;863;1;0.6348
00056.png;983;781;1197;829;1;0.6198
00056.png;42;227;409;349;1;0.5827
00056.png;923;782;997;814;1;0.5824
00056.png;145;226;302;300;1;0.5752
00056.png;74;680;258;719;1;0.5725
00056.png;1579;852;1768;910;1;0.5658
00056.png;1221;850;1289;910;1;0.5314
00056.png;1365;583;1479;654;1;0.5147
00056.png;0;252;187;319;1;0.4768
00056.png;29;216;185;280;1;0.4470
00057.png;737;288;1029;500;1;0.9284
00057.png;748;669;773;699;1;0.8970
00057.png;751;292;888;359;1;0.8889
00057.png;859;305;1014;373;1;0.8757
00057.png;955;414;987;450;1;0.8389
00057.png;840;426;885;458;1;0.8389
00057.png;901;315;932;356;1;0.8389
00057.png;717;662;748;693;1;0.7940
00057.png;791;380;862;424;1;0.6005
00058.png;519;195;882;448;1;0.9530
00058.png;665;233;734;268;1;0.8389
00058.png;779;389;827;423;1;0.8389
00058.png;643;269;687;296;1;0.8389
00058.png;742;297;772;333;1;0.8389
00058.png;638;333;671;366;1;0.8389
00058.png;570;387;618;421;1;0.8389
00058.png;590;294;705;336;1;0.4364
00059.png;1131;378;1308;470;1;0.8872
00059.png;1065;417;1527;738;1;0.8777
00059.png;1265;396;1480;493;1;0.8599
00059.png;1134;609;1185;642;1;0.8389
00059.png;1183;615;1235;646;1;0.8389
00059.png;1246;626;1287;653;1;0.8389
00059.png;1204;537;1236;573;1;0.8389
00059.png;1323;417;1357;462;1;0.8389
00059.png;1242;593;1292;618;1;0.8389
00059.png;1273;629;1401;662;1;0.8389
00059.png;1280;595;1380;628;1;0.8389
00059.png;1399;569;1451;617;1;0.8389
00059.png;1617;536;1920;622;1;0.6511
00059.png;1191;476;1365;543;1;0.6478
00060.png;736;150;1131;444;1;0.9140
00060.png;758;156;922;237;1;0.8707
00060.png;940;189;972;232;1;0.8389
00060.png;924;186;949;231;1;0.8389
00060.png;944;377;1029;407;1;0.8389
00060.png;924;305;975;340;1;0.8389
00060.png;764;349;813;380;1;0.8389
00060.png;833;286;865;322;1;0.8389
00060.png;875;172;1123;265;1;0.8341
00060.png;1037;315;1087;376;1;0.8340
00060.png;1771;508;1920;556;1;0.7843
00060.png;544;656;600;689;1;0.7652
00060.png;1363;768;1420;791;1;0.6830
00060.png;821;240;995;306;1;0.6506
00061.png;416;140;820;424;1;0.9715
00061.png;55;631;111;685;1;0.9453
00061.png;1148;689;1202;732;1;0.9165
00061.png;584;189;712;234;1;0.8389
00061.png;711;354;762;394;1;0.8389
00061.png;654;299;687;331;1;0.8389
00061.png;630;294;662;330;1;0.8389
00061.png;572;298;604;331;1;0.8389
00061.png;541;291;580;331;1;0.8389
00061.png;564;245;595;287;1;0.8389
00061.png;612;245;642;286;1;0.8389
00061.png;599;194;632;227;1;0.8389
00061.png;586;253;619;286;1;0.8385
00061.png;605;298;638;330;1;0.8381
00061.png;460;350;520;395;1;0.8124
00061.png;588;148;815;269;1;0.7670
00062.png;548;146;825;443;1;0.9484
00062.png;824;158;1019;234;1;0.9336
00062.png;805;206;1036;435;1;0.8954
00062.png;824;207;1020;259;1;0.8818
00062.png;790;316;835;364;1;0.8522
00062.png;627;175;750;216;1;0.8389
00062.png;846;256;994;298;1;0.8389
00062.png;960;180;992;213;1;0.8389
00062.png;934;179;966;212;1;0.8389
00062.png;849;165;881;225;1;0.8389
00062.png;641;178;674;212;1;0.8389
00062.png;869;296;901;338;1;0.8389
00062.png;884;260;924;294;1;0.8389
00062.png;688;305;714;345;1;0.8389
00062.png;640;302;670;337;1;0.8389
00062.png;609;298;641;334;1;0.8389
00062.png;735;255;762;295;1;0.8389
00062.png;672;254;699;293;1;0.8389
00062.png;644;259;675;293;1;0.8389
00062.png;612;252;647;291;1;0.8389
00062.png;598;214;629;249;1;0.8389
00062.png;921;260;952;294;1;0.8389
00062.png;734;305;767;338;1;0.8389
00062.png;871;165;915;225;1;0.8338
00062.png;657;342;716;391;1;0.8336
00062.png;892;350;951;392;1;0.8205
00062.png;468;357;593;408;1;0.7584
00062.png;425;142;1155;566;1;0.7328
00062.png;412;337;847;440;1;0.6966
00062.png;19;430;85;474;1;0.6462
00062.png;602;470;644;490;1;0.5043
00062.png;1111;432;1153;454;1;0.4919
00062.png;990;275;1147;344;1;0.4608
00062.png;787;255;833;281;1;0.4560
00063.png;755;101;1326;440;1;0.9083
00063.png;1105;689;1164;717;1;0.8954
00063.png;1056;123;1317;197;1;0.8726
00063.png;855;250;885;292;1;0.8407
00063.png;851;199;891;241;1;0.8391
00063.png;1101;328;1140;369;1;0.8324
00063.png;834;192;978;251;1;0.8265
00063.png;1249;145;1299;180;1;0.8237
00063.png;1116;260;1155;292;1;0.8128
00063.png;1079;251;1207;302;1;0.8078
00063.png;1070;293;1119;326;1;0.7979
00063.png;925;205;956;240;1;0.7961
00063.png;872;358;930;402;1;0.7654
00063.png;1140;207;1253;257;1;0.7648
00063.png;1083;326;1250;376;1;0.7609
00063.png;1007;159;1171;216;1;0.7596
00063.png;897;250;930;293;1;0.7581
00063.png;982;725;1042;782;1;0.7346
00063.png;1143;368;1191;412;1;0.7131
00063.png;1127;301;1202;333;1;0.7007
00063.png;1179;334;1210;370;1;0.6836
00063.png;1046;124;1080;182;1;0.6719
00063.png;1167;218;1223;250;1;0.6534
00063.png;1069;125;1117;184;1;0.6160
00063.png;937;740;989;787;1;0.5850
00063.png;1187;251;1248;310;1;0.4966
00063.png;1242;205;1295;261;1;0.4682
00063.png;1029;196;1165;254;1;0.4229
00064.png;597;148;965;443;1;0.9219
00064.png;731;250;764;290;1;0.8374
00064.png;704;203;861;253;1;0.8270
00064.png;1281;702;1306;738;1;0.7948
00064.png;780;247;807;289;1;0.7823
00064.png;872;369;930;412;1;0.7697
00064.png;640;374;696;416;1;0.7389
00065.png;494;167;886;440;1;0.9241
00065.png;704;674;741;696;1;0.8790
00065.png;611;215;768;260;1;0.8389
00065.png;781;370;831;410;1;0.8389
00065.png;718;222;749;256;1;0.8389
00065.png;537;362;588;402;1;0.8389
00065.png;919;280;1110;382;1;0.8164
00065.png;677;299;836;355;1;0.4221
00065.png;534;294;708;350;1;0.4115
00066.png;785;50;1057;172;1;0.8570
00066.png;757;42;1362;444;1;0.8454
00066.png;1256;150;1289;186;1;0.8389
00066.png;955;297;1003;348;1;0.8389
00066.png;1106;322;1137;366;1;0.8389
00066.png;882;88;914;124;1;0.8389
00066.png;914;92;946;131;1;0.8389
00066.png;961;106;1002;139;1;0.8389
00066.png;849;83;882;119;1;0.8389
00066.png;963;253;994;288;1;0.8389
00066.png;1030;309;1063;357;1;0.8359
00066.png;999;312;1031;352;1;0.8155
00066.png;988;82;1324;220;1;0.8142
00066.png;1050;98;1093;173;1;0.7973
00066.png;1204;264;1280;357;1;0.7945
00066.png;1077;101;1133;176;1;0.7496
00066.png;771;241;984;326;1;0.5276
00066.png;961;192;995;231;1;0.4918
00067.png;1330;603;1410;685;1;0.9396
00067.png;535;584;578;619;1;0.9384
00067.png;179;528;277;617;1;0.9285
00067.png;453;87;939;426;1;0.8608
00067.png;876;138;1329;475;1;0.8563
00067.png;645;126;796;191;1;0.8560
00067.png;666;241;699;280;1;0.8389
00067.png;689;294;724;334;1;0.8387
00067.png;737;195;770;235;1;0.8385
00067.png;662;132;715;173;1;0.8383
00067.png;765;259;795;294;1;0.8370
00067.png;938;157;1116;242;1;0.8329
00067.png;778;307;805;346;1;0.8207
00067.png;840;267;867;306;1;0.8133
00067.png;507;619;536;655;1;0.8132
00067.png;563;325;615;365;1;0.7798
00067.png;780;354;831;394;1;0.7782
00067.png;195;565;254;609;1;0.7768
00067.png;1342;637;1392;679;1;0.7737
00067.png;1066;176;1324;278;1;0.7561
00067.png;1232;346;1288;416;1;0.7367
00067.png;1105;375;1132;414;1;0.7297
00067.png;1113;186;1145;243;1;0.7262
00067.png;1051;367;1090;408;1;0.7228
00067.png;1133;189;1174;246;1;0.6910
00067.png;547;270;711;337;1;0.5415
00067.png;632;172;694;233;1;0.5401
00067.png;924;330;1074;392;1;0.5238
00067.png;523;217;674;282;1;0.5237
00068.png;469;127;900;434;1;0.9192
00068.png;609;143;761;194;1;0.8364
00068.png;693;316;726;349;1;0.8351
00068.png;817;265;844;304;1;0.8334
00068.png;636;257;670;296;1;0.8321
00068.png;659;202;695;241;1;0.8291
00068.png;667;307;700;348;1;0.8148
00068.png;706;202;736;242;1;0.8053
00068.png;536;355;596;399;1;0.7918
00068.png;741;262;768;301;1;0.7913
00068.png;757;312;784;351;1;0.7777
00068.png;762;366;818;406;1;0.7659
00068.png;601;191;659;248;1;0.4428
00068.png;522;299;686;352;1;0.4062
00069.png;733;382;938;555;1;0.9166
00069.png;903;430;1110;490;1;0.8992
00069.png;927;449;992;472;1;0.8646
00069.png;1185;624;1218;676;1;0.8615
00069.png;1186;658;1218;690;1;0.8071
00069.png;799;468;857;492;1;0.6504
00069.png;783;426;874;456;1;0.5481
00070.png;887;219;1265;322;1;0.9300
00070.png;566;120;951;443;1;0.9259
00070.png;1779;493;1895;639;1;0.8764
00070.png;928;248;1055;293;1;0.8703
00070.png;607;371;656;407;1;0.8389
00070.png;1836;497;1869;531;1;0.8378
00070.png;831;369;883;410;1;0.8218
00070.png;1039;233;1078;273;1;0.7977
00070.png;1042;267;1075;308;1;0.7791
00070.png;1784;606;1906;688;1;0.7466
00070.png;777;125;955;320;1;0.7225
00070.png;694;285;797;320;1;0.4571
00071.png;1250;66;1627;547;1;0.9545
00071.png;390;975;430;1008;1;0.9279
00071.png;0;962;26;1004;1;0.8692
00071.png;1437;186;1470;226;1;0.8389
00071.png;1316;371;1355;404;1;0.8389
00071.png;1373;327;1432;366;1;0.8389
00071.png;1343;368;1402;407;1;0.8389
00071.png;1409;365;1451;405;1;0.8389
00071.png;1321;464;1356;498;1;0.8389
00071.png;1406;463;1436;498;1;0.8389
00071.png;222;950;265;973;1;0.7650
00071.png;1488;323;1601;443;1;0.7580
00071.png;1281;115;1340;218;1;0.7416
00071.png;1321;965;1360;987;1;0.5502
00071.png;0;961;231;1046;1;0.4985
00072.png;663;63;971;319;1;0.8703
00072.png;911;238;952;277;1;0.6793
00072.png;698;265;733;300;1;0.6464
00072.png;815;172;842;213;1;0.5468
00072.png;749;216;785;252;1;0.5294
00073.png;759;64;896;271;1;0.8144
00073.png;950;121;1109;250;1;0.7974
00074.png;1201;294;1596;544;1;0.9274
00074.png;1207;299;1410;380;1;0.8852
00074.png;1365;302;1587;386;1;0.8514
00074.png;1245;318;1276;352;1;0.8389
00074.png;1294;319;1325;353;1;0.8389
00074.png;1269;318;1300;352;1;0.8389
00074.png;1525;328;1555;363;1;0.8389
00074.png;1332;455;1363;497;1;0.8364
00074.png;1234;453;1266;493;1;0.8362
00074.png;1476;325;1508;364;1;0.8362
00074.png;1500;325;1535;364;1;0.8181
00074.png;1503;427;1560;487;1;0.7721
00074.png;1396;310;1466;372;1;0.6834
00074.png;1225;396;1391;454;1;0.4131
00075.png;821;149;1144;276;1;0.8115
00075.png;836;104;960;136;1;0.6957
00075.png;1021;85;1131;136;1;0.6464
00076.png;1189;326;1555;540;1;0.9294
00076.png;1534;1048;1564;1080;1;0.7750
00077.png;814;272;859;296;1;0.6518
00077.png;891;206;1056;338;1;0.6099
00078.png;514;82;800;346;1;0.7326
00080.png;806;205;861;234;1;0.7052
00080.png;726;165;962;330;1;0.6588
00082.png;838;187;1087;286;1;0.8191
00083.png;1458;327;1749;484;1;0.9105
00083.png;1604;340;1691;383;1;0.8287
00083.png;1484;431;1519;467;1;0.8250
00083.png;1567;426;1597;461;1;0.7828
00083.png;1677;416;1712;455;1;0.7519
00084.png;717;569;750;594;1;0.8653
00084.png;0;828;376;1045;1;0.8625
00084.png;1343;141;1920;456;1;0.8446
00084.png;1389;103;1605;180;1;0.8389
00084.png;1329;85;1920;213;1;0.8389
00084.png;1598;96;1873;175;1;0.8389
00084.png;665;680;731;722;1;0.8389
00084.png;1637;108;1679;170;1;0.8389
00084.png;1799;117;1830;153;1;0.8389
00084.png;1772;117;1806;151;1;0.8389
00084.png;1751;116;1778;155;1;0.8389
00084.png;1525;131;1564;158;1;0.8389
00084.png;1443;309;1483;348;1;0.8389
00084.png;1477;314;1510;346;1;0.8389
00084.png;1503;314;1536;347;1;0.8389
00084.png;1529;305;1561;346;1;0.8389
00084.png;1555;312;1587;345;1;0.8389
00084.png;1468;304;1570;349;1;0.8389
00084.png;1582;305;1613;346;1;0.8389
00084.png;1605;311;1638;344;1;0.8389
00084.png;1632;303;1665;343;1;0.8389
00084.png;1659;308;1690;342;1;0.8389
00084.png;1567;300;1704;348;1;0.8389
00084.png;1591;261;1652;295;1;0.8389
00084.png;1531;264;1562;299;1;0.8389
00084.png;1550;262;1606;298;1;0.8389
00084.png;1513;259;1687;301;1;0.8389
00084.png;1430;126;1461;162;1;0.8389
00084.png;1770;269;1835;322;1;0.8389
00084.png;1738;114;1812;162;1;0.8389
00084.png;1484;124;1514;159;1;0.8389
00084.png;1456;125;1488;161;1;0.8389
00084.png;1559;358;1592;391;1;0.8389
00084.png;1599;357;1648;390;1;0.8389
00084.png;1579;352;1774;393;1;0.8389
00084.png;0;0;1920;489;1;0.8169
00084.png;1400;614;1528;649;1;0.8051
00084.png;1329;612;1417;644;1;0.7566
00084.png;1694;286;1768;357;1;0.7302
00084.png;1027;434;1141;584;1;0.7156
00084.png;932;591;1920;1035;1;0.6700
00084.png;758;628;855;684;1;0.6385
00084.png;1212;685;1920;862;1;0.5904
00084.png;924;1006;1184;1080;1;0.5813
00084.png;709;673;833;723;1;0.5650
00084.png;1500;616;1669;664;1;0.5518
00084.png;1501;198;1694;264;1;0.5243
00084.png;888;433;1207;627;1;0.5219
00084.png;1796;250;1920;473;1;0.5116
00084.png;1642;784;1920;865;1;0.5062
00084.png;1434;353;1567;403;1;0.4841
00084.png;1627;622;1876;678;1;0.4680
00085.png;1251;277;1653;526;1;0.9468
00085.png;1259;304;1370;371;1;0.8753
00085.png;1257;371;1498;424;1;0.8651
00085.png;1289;1030;1424;1061;1;0.8503
00085.png;1273;465;1411;506;1;0.8455
00085.png;1324;282;1642;363;1;0.8436
00085.png;1271;438;1402;474;1;0.8420
00085.png;1296;322;1352;353;1;0.8389
00085.png;1267;324;1306;357;1;0.8389
00085.png;1280;387;1314;421;1;0.8389
00085.png;1432;407;1483;433;1;0.8389
00085.png;1408;407;1444;437;1;0.8389
00085.png;1566;294;1611;325;1;0.8389
00085.png;1432;426;1575;458;1;0.8389
00085.png;1307;415;1402;447;1;0.8345
00085.png;1376;299;1437;355;1;0.8197
00085.png;1565;386;1624;448;1;0.8161
00086.png;1224;256;1638;540;1;0.9378
00086.png;1233;262;1442;348;1;0.8895
00086.png;1401;274;1633;357;1;0.8703
00086.png;1275;1031;1320;1080;1;0.8477
00086.png;1306;287;1337;321;1;0.8389
00086.png;1332;288;1364;324;1;0.8389
00086.png;1277;287;1310;320;1;0.8389
00086.png;1275;455;1307;499;1;0.8389
00086.png;1364;296;1403;326;1;0.8389
00086.png;1301;465;1332;500;1;0.8389
00086.png;1314;425;1346;460;1;0.8389
00086.png;1341;423;1371;459;1;0.8389
00086.png;1392;424;1419;463;1;0.8389
00086.png;1415;431;1447;464;1;0.8389
00086.png;1324;466;1355;500;1;0.8389
00086.png;1522;298;1555;333;1;0.8389
00086.png;1419;471;1451;506;1;0.8389
00086.png;1365;428;1396;463;1;0.8389
00086.png;1447;468;1474;507;1;0.8389
00086.png;1441;429;1471;465;1;0.8389
00086.png;1255;413;1297;461;1;0.8357
00086.png;1431;282;1508;343;1;0.8010
00086.png;1522;402;1606;484;1;0.7867
00086.png;1570;1041;1637;1080;1;0.6940
00086.png;1293;367;1462;429;1;0.5054
00087.png;1318;374;1429;507;1;0.9749
00087.png;873;159;1130;381;1;0.9495
00087.png;1336;1037;1450;1080;1;0.9217
00087.png;885;163;1006;221;1;0.8891
00087.png;980;171;1127;233;1;0.8717
00087.png;1400;1042;1430;1080;1;0.8389
00087.png;1021;179;1051;219;1;0.8389
00087.png;981;326;1017;358;1;0.8389
00087.png;1378;406;1423;492;1;0.8389
00087.png;948;230;1059;273;1;0.5714
00088.png;653;143;916;383;1;0.9683
00088.png;1315;484;1368;553;1;0.8953
00088.png;683;331;719;363;1;0.8389
00088.png;807;194;852;229;1;0.8389
00088.png;771;237;811;264;1;0.8389
00088.png;728;238;784;265;1;0.8389
00088.png;728;271;759;305;1;0.8389
00088.png;860;322;895;355;1;0.8389
00088.png;756;197;787;231;1;0.7991
00088.png;703;194;796;236;1;0.7349
00088.png;712;200;744;233;1;0.7043
00089.png;1350;354;1647;510;1;0.9461
00089.png;1439;1059;1515;1080;1;0.8426
00089.png;1524;378;1563;414;1;0.8389
00089.png;1495;372;1588;420;1;0.8389
00089.png;1379;453;1409;489;1;0.8389
00089.png;1405;423;1446;449;1;0.8389
00089.png;1561;447;1593;481;1;0.8389
00089.png;1586;446;1619;479;1;0.8389
00089.png;1570;413;1622;446;1;0.8389
00089.png;1436;452;1488;486;1;0.8389
00089.png;1398;374;1514;424;1;0.7118
00089.png;1389;1047;1425;1080;1;0.6537
00090.png;1457;171;1828;534;1;0.9248
00090.png;1473;179;1667;245;1;0.8962
00090.png;1625;180;1822;250;1;0.8930
00090.png;1663;315;1699;345;1;0.8389
00090.png;1657;189;1684;239;1;0.8389
00090.png;1679;191;1714;239;1;0.8389
00090.png;1550;349;1581;385;1;0.8389
00090.png;1562;386;1593;421;1;0.8389
00090.png;1516;416;1558;455;1;0.8389
00090.png;1651;305;1709;361;1;0.8389
00090.png;1707;960;1879;1011;1;0.8169
00090.png;1499;1036;1538;1080;1;0.7989
00090.png;1676;320;1814;440;1;0.7456
00090.png;1855;969;1877;1011;1;0.5874
00090.png;1516;306;1659;356;1;0.5195
00090.png;1503;245;1645;289;1;0.4560
00091.png;852;78;1114;353;1;0.9184
00091.png;857;96;960;165;1;0.8846
00091.png;972;83;1093;138;1;0.8761
00091.png;949;94;993;138;1;0.8563
00091.png;909;179;1003;210;1;0.8392
00091.png;981;196;1026;237;1;0.8390
00091.png;872;187;914;214;1;0.8389
00091.png;922;238;961;268;1;0.8389
00091.png;903;287;1005;318;1;0.8389
00091.png;884;269;923;296;1;0.8389
00091.png;1011;192;1098;263;1;0.7833
00091.png;895;197;1001;248;1;0.5950
00091.png;885;142;987;194;1;0.5733
00092.png;719;71;936;390;1;0.9446
00092.png;824;151;858;183;1;0.8389
00092.png;762;201;793;235;1;0.8389
00092.png;790;196;856;232;1;0.8389
00092.png;762;335;794;368;1;0.8389
00092.png;798;245;833;279;1;0.8389
00092.png;823;245;867;276;1;0.8389
00092.png;882;323;914;359;1;0.8389
00092.png;843;199;886;225;1;0.8389
00092.png;776;246;806;282;1;0.8389
00092.png;736;144;904;195;1;0.8340
00092.png;634;441;719;467;1;0.8070
00093.png;912;243;956;275;1;0.8363
00093.png;871;236;981;281;1;0.8207
00093.png;746;218;1089;378;1;0.8204
00093.png;778;170;1082;241;1;0.8006
00093.png;885;242;930;275;1;0.7963
00093.png;864;321;921;348;1;0.7582
00093.png;797;278;829;317;1;0.7327
00093.png;995;263;1065;333;1;0.6935
00093.png;785;176;850;226;1;0.6461
00093.png;823;236;889;282;1;0.5818
00093.png;949;270;1009;331;1;0.5415
00094.png;1201;104;1395;320;1;0.9527
00094.png;1201;108;1390;173;1;0.8674
00094.png;825;214;1040;289;1;0.8666
00094.png;1276;163;1355;204;1;0.8423
00094.png;1225;240;1283;267;1;0.8346
00094.png;829;237;900;271;1;0.8275
00094.png;1266;236;1335;266;1;0.8135
00094.png;1295;200;1383;231;1;0.8104
00094.png;1320;235;1373;262;1;0.8069
00094.png;934;247;976;281;1;0.7987
00094.png;1210;123;1258;165;1;0.7512
00094.png;1282;265;1323;307;1;0.7352
00094.png;975;215;1018;247;1;0.7162
00094.png;1242;169;1287;205;1;0.6965
00094.png;1221;202;1251;237;1;0.5075
00094.png;894;229;936;274;1;0.4845
00095.png;1373;275;1618;363;1;0.8544
00095.png;1366;266;1841;568;1;0.8430
00095.png;1564;272;1831;363;1;0.8055
00095.png;1710;411;1803;512;1;0.6580
00095.png;1483;298;1514;338;1;0.6464
00095.png;1423;301;1455;336;1;0.6354
00095.png;1452;298;1484;337;1;0.6339
00095.png;1613;404;1646;440;1;0.6316
00095.png;1638;402;1670;441;1;0.6159
00095.png;1474;402;1508;442;1;0.5928
00095.png;1414;397;1450;442;1;0.5784
00095.png;1525;305;1566;336;1;0.5676
00095.png;1561;403;1595;442;1;0.5395
00095.png;1665;404;1698;440;1;0.5304
00095.png;1444;403;1476;442;1;0.5050
00095.png;1523;397;1566;442;1;0.5019
00095.png;1642;282;1692;352;1;0.4845
00096.png;1407;224;1672;376;1;0.8713
00096.png;1411;231;1529;291;1;0.8656
00096.png;1505;226;1666;284;1;0.8545
00096.png;1605;306;1648;337;1;0.8463
00096.png;1531;232;1581;277;1;0.8066
00096.png;1412;315;1644;374;1;0.5199
00097.png;908;131;943;163;1;0.8389
00097.png;911;160;946;199;1;0.8389
00097.png;823;168;875;202;1;0.8355
00097.png;779;111;1100;350;1;0.8349
00097.png;909;196;939;235;1;0.8296
00097.png;895;128;1024;167;1;0.8259
00097.png;992;159;1023;198;1;0.7974
00097.png;804;294;855;334;1;0.7763
00097.png;1017;290;1068;329;1;0.7628
00097.png;1354;466;1465;498;1;0.7285
00097.png;462;480;528;514;1;0.6788
00097.png;950;203;981;239;1;0.5959
00097.png;1135;476;1267;513;1;0.5693
00098.png;1209;409;1515;575;1;0.9264
00098.png;719;551;752;580;1;0.9072
00098.png;967;582;996;611;1;0.9050
00098.png;1217;411;1377;486;1;0.8756
00098.png;1346;419;1511;497;1;0.8351
00098.png;1226;426;1302;465;1;0.8327
00098.png;1442;443;1492;478;1;0.8031
00098.png;1432;506;1489;558;1;0.7963
00098.png;1377;428;1409;485;1;0.7900
00098.png;1236;499;1271;538;1;0.7870
00098.png;1261;500;1302;541;1;0.7843
00098.png;1325;505;1364;545;1;0.7659
00098.png;1397;427;1439;486;1;0.7478
00099.png;1149;378;1425;597;1;0.9009
00099.png;1171;382;1288;430;1;0.8736
00099.png;1173;441;1240;475;1;0.8514
00099.png;1163;482;1366;558;1;0.8366
00099.png;1233;494;1290;525;1;0.8298
00099.png;1227;517;1309;548;1;0.8140
00099.png;1364;487;1403;520;1;0.8102
00099.png;1217;384;1421;448;1;0.8087
00099.png;1270;453;1382;480;1;0.8084
00099.png;618;577;656;608;1;0.7772
00099.png;1202;492;1243;522;1;0.7251
00099.png;874;559;949;606;1;0.6818
00099.png;1170;440;1285;500;1;0.6724
00099.png;1282;392;1326;428;1;0.6700
00099.png;1276;497;1344;529;1;0.5351
00099.png;1238;444;1274;480;1;0.4146
00100.png;1042;585;1071;610;1;0.9192
00100.png;913;104;1047;163;1;0.9037
00100.png;1006;105;1226;167;1;0.8816
00100.png;902;133;1268;355;1;0.8710
00100.png;907;266;1161;350;1;0.8654
00100.png;993;311;1035;337;1;0.8389
00100.png;993;280;1062;310;1;0.8387
00100.png;1003;235;1110;268;1;0.8368
00100.png;920;180;998;213;1;0.8366
00100.png;923;117;991;149;1;0.8336
00100.png;1025;185;1177;218;1;0.8310
00100.png;1021;312;1088;338;1;0.8231
00100.png;1158;235;1202;284;1;0.8205
00100.png;1074;189;1130;216;1;0.8148
00100.png;952;278;1003;310;1;0.8055
00100.png;1047;110;1073;159;1;0.7982
00100.png;1065;110;1099;159;1;0.7585
00100.png;828;583;852;607;1;0.6919
00100.png;147;371;173;401;1;0.6417
00100.png;990;173;1040;222;1;0.5695
00100.png;1050;279;1128;312;1;0.4913
00100.png;915;231;1018;265;1;0.4439
00101.png;626;86;885;352;1;0.9697
00101.png;902;174;979;209;1;0.8829
00101.png;977;543;1000;578;1;0.8758
00101.png;968;177;1116;217;1;0.8553
00101.png;1070;188;1111;214;1;0.8337
00101.png;712;119;805;168;1;0.8276
00101.png;711;163;794;193;1;0.8210
00101.png;696;199;752;234;1;0.8089
00101.png;643;292;688;326;1;0.8044
00101.png;777;172;827;195;1;0.8012
00101.png;750;129;792;159;1;0.7954
00101.png;980;257;1029;280;1;0.7952
00101.png;813;302;856;336;1;0.7890
00101.png;732;201;815;237;1;0.7839
00101.png;569;479;659;546;1;0.6065
00101.png;429;651;548;692;1;0.5715
00101.png;439;690;560;723;1;0.5514
00101.png;968;177;1000;211;1;0.4704
